-0.308462,-0.951237
-0.252296,-0.967650
-0.193461,-0.981108
-0.132465,-0.991188
-0.069927,-0.997552
-0.006554,-0.999979
0.056897,-0.998380
0.119668,-0.992814
0.181036,-0.983476
0.240362,-0.970683
0.297114,-0.954842
-0.405819,-0.913954
-0.352584,-0.935780
-0.277245,-0.895679
-0.217016,-0.895679
-0.156786,-0.895679
-0.096557,-0.895679
-0.036327,-0.895679
0.023902,-0.895679
0.084132,-0.895679
0.144361,-0.895679
0.204591,-0.895679
0.264821,-0.895679
0.341139,-0.940013
0.395147,-0.918618
-0.500802,-0.865562
-0.452332,-0.891850
-0.367590,-0.843519
-0.307360,-0.843519
-0.247131,-0.843519
-0.186901,-0.843519
-0.126672,-0.843519
-0.066442,-0.843519
-0.006212,-0.843519
0.054017,-0.843519
0.114247,-0.843519
0.174476,-0.843519
0.234706,-0.843519
0.294935,-0.843519
0.355165,-0.843519
0.441790,-0.897119
0.491159,-0.871070
0.536212,-0.844083
-0.590078,-0.807346
-0.547795,-0.836613
-0.457934,-0.791359
-0.397704,-0.791359
-0.337475,-0.791359
-0.277245,-0.791359
-0.217016,-0.791359
-0.156786,-0.791359
-0.096557,-0.791359
-0.036327,-0.791359
0.023902,-0.791359
0.084132,-0.791359
0.144361,-0.791359
0.204591,-0.791359
0.264821,-0.791359
0.325050,-0.791359
0.385280,-0.791359
0.445509,-0.791359
0.505739,-0.791359
0.581723,-0.813387
-0.670880,-0.741566
-0.635556,-0.772055
-0.548278,-0.739198
-0.488049,-0.739198
-0.427819,-0.739198
-0.367590,-0.739198
-0.307360,-0.739198
-0.247131,-0.739198
-0.186901,-0.739198
-0.126672,-0.739198
-0.066442,-0.739198
-0.006212,-0.739198
0.054017,-0.739198
0.114247,-0.739198
0.174476,-0.739198
0.234706,-0.739198
0.294935,-0.739198
0.355165,-0.739198
0.415394,-0.739198
0.475624,-0.739198
0.535854,-0.739198
0.627724,-0.778436
0.663938,-0.747787
-0.713109,-0.701054
-0.638623,-0.687038
-0.578393,-0.687038
-0.518164,-0.687038
-0.457934,-0.687038
-0.397704,-0.687038
-0.337475,-0.687038
-0.277245,-0.687038
-0.217016,-0.687038
-0.156786,-0.687038
-0.096557,-0.687038
-0.036327,-0.687038
0.023902,-0.687038
0.084132,-0.687038
0.144361,-0.687038
0.204591,-0.687038
0.264821,-0.687038
0.325050,-0.687038
0.385280,-0.687038
0.445509,-0.687038
0.505739,-0.687038
0.565968,-0.687038
0.626198,-0.687038
0.706792,-0.707421
-0.754096,-0.656764
-0.668737,-0.634878
-0.608508,-0.634878
-0.548278,-0.634878
-0.488049,-0.634878
-0.427819,-0.634878
-0.367590,-0.634878
-0.307360,-0.634878
-0.247131,-0.634878
-0.186901,-0.634878
-0.126672,-0.634878
-0.066442,-0.634878
-0.006212,-0.634878
0.054017,-0.634878
0.114247,-0.634878
0.174476,-0.634878
0.234706,-0.634878
0.294935,-0.634878
0.355165,-0.634878
0.415394,-0.634878
0.475624,-0.634878
0.535854,-0.634878
0.596083,-0.634878
0.656313,-0.634878
0.748471,-0.663168
-0.793225,-0.608928
-0.698852,-0.582717
-0.638623,-0.582717
-0.578393,-0.582717
-0.518164,-0.582717
-0.457934,-0.582717
-0.397704,-0.582717
-0.337475,-0.582717
-0.277245,-0.582717
-0.217016,-0.582717
-0.156786,-0.582717
-0.096557,-0.582717
-0.036327,-0.582717
0.023902,-0.582717
0.084132,-0.582717
0.144361,-0.582717
0.204591,-0.582717
0.264821,-0.582717
0.325050,-0.582717
0.385280,-0.582717
0.445509,-0.582717
0.505739,-0.582717
0.565968,-0.582717
0.626198,-0.582717
0.686427,-0.582717
0.788336,-0.615245
0.810695,-0.585468
-0.829896,-0.557918
-0.728967,-0.530557
-0.668737,-0.530557
-0.608508,-0.530557
-0.548278,-0.530557
-0.488049,-0.530557
-0.427819,-0.530557
-0.367590,-0.530557
-0.307360,-0.530557
-0.247131,-0.530557
-0.186901,-0.530557
-0.126672,-0.530557
-0.066442,-0.530557
-0.006212,-0.530557
0.054017,-0.530557
0.114247,-0.530557
0.174476,-0.530557
0.234706,-0.530557
0.294935,-0.530557
0.355165,-0.530557
0.415394,-0.530557
0.475624,-0.530557
0.535854,-0.530557
0.596083,-0.530557
0.656313,-0.530557
0.716542,-0.530557
0.825762,-0.564019
0.844611,-0.535381
-0.863565,-0.504237
-0.759082,-0.478397
-0.698852,-0.478397
-0.638623,-0.478397
-0.578393,-0.478397
-0.518164,-0.478397
-0.457934,-0.478397
-0.397704,-0.478397
-0.337475,-0.478397
-0.277245,-0.478397
-0.217016,-0.478397
-0.156786,-0.478397
-0.096557,-0.478397
-0.036327,-0.478397
0.023902,-0.478397
0.084132,-0.478397
0.144361,-0.478397
0.204591,-0.478397
0.264821,-0.478397
0.325050,-0.478397
0.385280,-0.478397
0.445509,-0.478397
0.505739,-0.478397
0.565968,-0.478397
0.626198,-0.478397
0.686427,-0.478397
0.746657,-0.478397
0.806887,-0.478397
0.875583,-0.483068
-0.893785,-0.448496
-0.789197,-0.426236
-0.728967,-0.426236
-0.668737,-0.426236
-0.608508,-0.426236
-0.548278,-0.426236
-0.488049,-0.426236
-0.427819,-0.426236
-0.367590,-0.426236
-0.307360,-0.426236
-0.247131,-0.426236
-0.186901,-0.426236
-0.126672,-0.426236
-0.066442,-0.426236
-0.006212,-0.426236
0.054017,-0.426236
0.114247,-0.426236
0.174476,-0.426236
0.234706,-0.426236
0.294935,-0.426236
0.355165,-0.426236
0.415394,-0.426236
0.475624,-0.426236
0.535854,-0.426236
0.596083,-0.426236
0.656313,-0.426236
0.716542,-0.426236
0.776772,-0.426236
0.837001,-0.426236
0.903257,-0.429099
-0.920229,-0.391381
-0.819311,-0.374076
-0.759082,-0.374076
-0.698852,-0.374076
-0.638623,-0.374076
-0.578393,-0.374076
-0.518164,-0.374076
-0.457934,-0.374076
-0.397704,-0.374076
-0.337475,-0.374076
-0.277245,-0.374076
-0.217016,-0.374076
-0.156786,-0.374076
-0.096557,-0.374076
-0.036327,-0.374076
0.023902,-0.374076
0.084132,-0.374076
0.144361,-0.374076
0.204591,-0.374076
0.264821,-0.374076
0.325050,-0.374076
0.385280,-0.374076
0.445509,-0.374076
0.505739,-0.374076
0.565968,-0.374076
0.626198,-0.374076
0.686427,-0.374076
0.746657,-0.374076
0.806887,-0.374076
0.918201,-0.396114
0.927391,-0.374094
-0.942710,-0.333613
-0.849426,-0.321916
-0.789197,-0.321916
-0.728967,-0.321916
-0.668737,-0.321916
-0.608508,-0.321916
-0.548278,-0.321916
-0.488049,-0.321916
-0.427819,-0.321916
-0.367590,-0.321916
-0.307360,-0.321916
-0.247131,-0.321916
-0.186901,-0.321916
-0.126672,-0.321916
-0.066442,-0.321916
-0.006212,-0.321916
0.054017,-0.321916
0.114247,-0.321916
0.174476,-0.321916
0.234706,-0.321916
0.294935,-0.321916
0.355165,-0.321916
0.415394,-0.321916
0.475624,-0.321916
0.535854,-0.321916
0.596083,-0.321916
0.656313,-0.321916
0.716542,-0.321916
0.776772,-0.321916
0.837001,-0.321916
0.941250,-0.337710
-0.961186,-0.275903
-0.879541,-0.269756
-0.819311,-0.269756
-0.759082,-0.269756
-0.698852,-0.269756
-0.638623,-0.269756
-0.578393,-0.269756
-0.518164,-0.269756
-0.457934,-0.269756
-0.397704,-0.269756
-0.337475,-0.269756
-0.277245,-0.269756
-0.217016,-0.269756
-0.156786,-0.269756
-0.096557,-0.269756
-0.036327,-0.269756
0.023902,-0.269756
0.084132,-0.269756
0.144361,-0.269756
0.204591,-0.269756
0.264821,-0.269756
0.325050,-0.269756
0.385280,-0.269756
0.445509,-0.269756
0.505739,-0.269756
0.565968,-0.269756
0.626198,-0.269756
0.686427,-0.269756
0.746657,-0.269756
0.806887,-0.269756
0.867116,-0.269756
0.960200,-0.279313
-0.975745,-0.218910
-0.909656,-0.217595
-0.849426,-0.217595
-0.789197,-0.217595
-0.728967,-0.217595
-0.668737,-0.217595
-0.608508,-0.217595
-0.548278,-0.217595
-0.488049,-0.217595
-0.427819,-0.217595
-0.367590,-0.217595
-0.307360,-0.217595
-0.247131,-0.217595
-0.186901,-0.217595
-0.126672,-0.217595
-0.066442,-0.217595
-0.006212,-0.217595
0.054017,-0.217595
0.114247,-0.217595
0.174476,-0.217595
0.234706,-0.217595
0.294935,-0.217595
0.355165,-0.217595
0.415394,-0.217595
0.475624,-0.217595
0.535854,-0.217595
0.596083,-0.217595
0.656313,-0.217595
0.716542,-0.217595
0.776772,-0.217595
0.837001,-0.217595
0.897231,-0.217595
0.975135,-0.221612
-0.984856,-0.173372
-0.879541,-0.165435
-0.819311,-0.165435
-0.759082,-0.165435
-0.698852,-0.165435
-0.638623,-0.165435
-0.578393,-0.165435
-0.518164,-0.165435
-0.457934,-0.165435
-0.397704,-0.165435
-0.337475,-0.165435
-0.277245,-0.165435
-0.217016,-0.165435
-0.156786,-0.165435
-0.096557,-0.165435
-0.036327,-0.165435
0.023902,-0.165435
0.084132,-0.165435
0.144361,-0.165435
0.204591,-0.165435
0.264821,-0.165435
0.325050,-0.165435
0.385280,-0.165435
0.445509,-0.165435
0.505739,-0.165435
0.565968,-0.165435
0.626198,-0.165435
0.686427,-0.165435
0.746657,-0.165435
0.806887,-0.165435
0.867116,-0.165435
0.984457,-0.175623
-0.993249,-0.116003
-0.909656,-0.113275
-0.849426,-0.113275
-0.789197,-0.113275
-0.728967,-0.113275
-0.668737,-0.113275
-0.608508,-0.113275
-0.548278,-0.113275
-0.488049,-0.113275
-0.427819,-0.113275
-0.367590,-0.113275
-0.307360,-0.113275
-0.247131,-0.113275
-0.186901,-0.113275
-0.126672,-0.113275
-0.066442,-0.113275
-0.006212,-0.113275
0.054017,-0.113275
0.114247,-0.113275
0.174476,-0.113275
0.234706,-0.113275
0.294935,-0.113275
0.355165,-0.113275
0.415394,-0.113275
0.475624,-0.113275
0.535854,-0.113275
0.596083,-0.113275
0.656313,-0.113275
0.716542,-0.113275
0.776772,-0.113275
0.837001,-0.113275
0.897231,-0.113275
0.993074,-0.117488
-0.997892,-0.064894
-0.879541,-0.061114
-0.819311,-0.061114
-0.759082,-0.061114
-0.698852,-0.061114
-0.638623,-0.061114
-0.578393,-0.061114
-0.518164,-0.061114
-0.457934,-0.061114
-0.397704,-0.061114
-0.337475,-0.061114
-0.277245,-0.061114
-0.217016,-0.061114
-0.156786,-0.061114
-0.096557,-0.061114
-0.036327,-0.061114
0.023902,-0.061114
0.084132,-0.061114
0.144361,-0.061114
0.204591,-0.061114
0.264821,-0.061114
0.325050,-0.061114
0.385280,-0.061114
0.445509,-0.061114
0.505739,-0.061114
0.565968,-0.061114
0.626198,-0.061114
0.686427,-0.061114
0.746657,-0.061114
0.806887,-0.061114
0.867116,-0.061114
0.927346,-0.061114
0.998091,-0.061765
-0.999957,-0.009232
-0.909656,-0.008954
-0.849426,-0.008954
-0.789197,-0.008954
-0.728967,-0.008954
-0.668737,-0.008954
-0.608508,-0.008954
-0.548278,-0.008954
-0.488049,-0.008954
-0.427819,-0.008954
-0.367590,-0.008954
-0.307360,-0.008954
-0.247131,-0.008954
-0.186901,-0.008954
-0.126672,-0.008954
-0.066442,-0.008954
-0.006212,-0.008954
0.054017,-0.008954
0.114247,-0.008954
0.174476,-0.008954
0.234706,-0.008954
0.294935,-0.008954
0.355165,-0.008954
0.415394,-0.008954
0.475624,-0.008954
0.535854,-0.008954
0.596083,-0.008954
0.656313,-0.008954
0.716542,-0.008954
0.776772,-0.008954
0.837001,-0.008954
0.897231,-0.008954
0.999956,-0.009351
-0.998945,0.045927
-0.879541,0.043206
-0.819311,0.043206
-0.759082,0.043206
-0.698852,0.043206
-0.638623,0.043206
-0.578393,0.043206
-0.518164,0.043206
-0.457934,0.043206
-0.397704,0.043206
-0.337475,0.043206
-0.277245,0.043206
-0.217016,0.043206
-0.156786,0.043206
-0.096557,0.043206
-0.036327,0.043206
0.023902,0.043206
0.084132,0.043206
0.144361,0.043206
0.204591,0.043206
0.264821,0.043206
0.325050,0.043206
0.385280,0.043206
0.445509,0.043206
0.505739,0.043206
0.565968,0.043206
0.626198,0.043206
0.686427,0.043206
0.746657,0.043206
0.806887,0.043206
0.867116,0.043206
0.927346,0.043206
0.999044,0.043708
-0.995201,0.097856
-0.909656,0.095367
-0.849426,0.095367
-0.789197,0.095367
-0.728967,0.095367
-0.668737,0.095367
-0.608508,0.095367
-0.548278,0.095367
-0.488049,0.095367
-0.427819,0.095367
-0.367590,0.095367
-0.307360,0.095367
-0.247131,0.095367
-0.186901,0.095367
-0.126672,0.095367
-0.066442,0.095367
-0.006212,0.095367
0.054017,0.095367
0.114247,0.095367
0.174476,0.095367
0.234706,0.095367
0.294935,0.095367
0.355165,0.095367
0.415394,0.095367
0.475624,0.095367
0.535854,0.095367
0.596083,0.095367
0.656313,0.095367
0.716542,0.095367
0.776772,0.095367
0.837001,0.095367
0.897231,0.095367
0.995076,0.099113
-0.987901,0.155083
-0.879541,0.147527
-0.819311,0.147527
-0.759082,0.147527
-0.698852,0.147527
-0.638623,0.147527
-0.578393,0.147527
-0.518164,0.147527
-0.457934,0.147527
-0.397704,0.147527
-0.337475,0.147527
-0.277245,0.147527
-0.217016,0.147527
-0.156786,0.147527
-0.096557,0.147527
-0.036327,0.147527
0.023902,0.147527
0.084132,0.147527
0.144361,0.147527
0.204591,0.147527
0.264821,0.147527
0.325050,0.147527
0.385280,0.147527
0.445509,0.147527
0.505739,0.147527
0.565968,0.147527
0.626198,0.147527
0.686427,0.147527
0.746657,0.147527
0.806887,0.147527
0.867116,0.147527
0.927346,0.147527
0.989026,0.147744
-0.979456,0.201658
-0.909656,0.199687
-0.849426,0.199687
-0.789197,0.199687
-0.728967,0.199687
-0.668737,0.199687
-0.608508,0.199687
-0.548278,0.199687
-0.488049,0.199687
-0.427819,0.199687
-0.367590,0.199687
-0.307360,0.199687
-0.247131,0.199687
-0.186901,0.199687
-0.126672,0.199687
-0.066442,0.199687
-0.006212,0.199687
0.054017,0.199687
0.114247,0.199687
0.174476,0.199687
0.234706,0.199687
0.294935,0.199687
0.355165,0.199687
0.415394,0.199687
0.475624,0.199687
0.535854,0.199687
0.596083,0.199687
0.656313,0.199687
0.716542,0.199687
0.776772,0.199687
0.837001,0.199687
0.897231,0.199687
0.978936,0.204166
-0.965916,0.258854
-0.879541,0.251848
-0.819311,0.251848
-0.759082,0.251848
-0.698852,0.251848
-0.638623,0.251848
-0.578393,0.251848
-0.518164,0.251848
-0.457934,0.251848
-0.397704,0.251848
-0.337475,0.251848
-0.277245,0.251848
-0.217016,0.251848
-0.156786,0.251848
-0.096557,0.251848
-0.036327,0.251848
0.023902,0.251848
0.084132,0.251848
0.144361,0.251848
0.204591,0.251848
0.264821,0.251848
0.325050,0.251848
0.385280,0.251848
0.445509,0.251848
0.505739,0.251848
0.565968,0.251848
0.626198,0.251848
0.686427,0.251848
0.746657,0.251848
0.806887,0.251848
0.867116,0.251848
0.965045,0.262086
-0.948436,0.316968
-0.849426,0.304008
-0.789197,0.304008
-0.728967,0.304008
-0.668737,0.304008
-0.608508,0.304008
-0.548278,0.304008
-0.488049,0.304008
-0.427819,0.304008
-0.367590,0.304008
-0.307360,0.304008
-0.247131,0.304008
-0.186901,0.304008
-0.126672,0.304008
-0.066442,0.304008
-0.006212,0.304008
0.054017,0.304008
0.114247,0.304008
0.174476,0.304008
0.234706,0.304008
0.294935,0.304008
0.355165,0.304008
0.415394,0.304008
0.475624,0.304008
0.535854,0.304008
0.596083,0.304008
0.656313,0.304008
0.716542,0.304008
0.776772,0.304008
0.837001,0.304008
0.947110,0.320909
-0.926887,0.375341
-0.819311,0.356168
-0.759082,0.356168
-0.698852,0.356168
-0.638623,0.356168
-0.578393,0.356168
-0.518164,0.356168
-0.457934,0.356168
-0.397704,0.356168
-0.337475,0.356168
-0.277245,0.356168
-0.217016,0.356168
-0.156786,0.356168
-0.096557,0.356168
-0.036327,0.356168
0.023902,0.356168
0.084132,0.356168
0.144361,0.356168
0.204591,0.356168
0.264821,0.356168
0.325050,0.356168
0.385280,0.356168
0.445509,0.356168
0.505739,0.356168
0.565968,0.356168
0.626198,0.356168
0.686427,0.356168
0.746657,0.356168
0.806887,0.356168
0.867116,0.356168
0.933515,0.358538
-0.912303,0.409517
-0.901273,0.433252
-0.789197,0.408329
-0.728967,0.408329
-0.668737,0.408329
-0.608508,0.408329
-0.548278,0.408329
-0.488049,0.408329
-0.427819,0.408329
-0.367590,0.408329
-0.307360,0.408329
-0.247131,0.408329
-0.186901,0.408329
-0.126672,0.408329
-0.066442,0.408329
-0.006212,0.408329
0.054017,0.408329
0.114247,0.408329
0.174476,0.408329
0.234706,0.408329
0.294935,0.408329
0.355165,0.408329
0.415394,0.408329
0.475624,0.408329
0.535854,0.408329
0.596083,0.408329
0.656313,0.408329
0.716542,0.408329
0.776772,0.408329
0.837001,0.408329
0.910177,0.414220
-0.885924,0.463831
-0.871745,0.489959
-0.759082,0.460489
-0.698852,0.460489
-0.638623,0.460489
-0.578393,0.460489
-0.518164,0.460489
-0.457934,0.460489
-0.397704,0.460489
-0.337475,0.460489
-0.277245,0.460489
-0.217016,0.460489
-0.156786,0.460489
-0.096557,0.460489
-0.036327,0.460489
0.023902,0.460489
0.084132,0.460489
0.144361,0.460489
0.204591,0.460489
0.264821,0.460489
0.325050,0.460489
0.385280,0.460489
0.445509,0.460489
0.505739,0.460489
0.565968,0.460489
0.626198,0.460489
0.686427,0.460489
0.746657,0.460489
0.806887,0.460489
0.883186,0.469023
-0.856159,0.516713
-0.838603,0.544743
-0.728967,0.512649
-0.668737,0.512649
-0.608508,0.512649
-0.548278,0.512649
-0.488049,0.512649
-0.427819,0.512649
-0.367590,0.512649
-0.307360,0.512649
-0.247131,0.512649
-0.186901,0.512649
-0.126672,0.512649
-0.066442,0.512649
-0.006212,0.512649
0.054017,0.512649
0.114247,0.512649
0.174476,0.512649
0.234706,0.512649
0.294935,0.512649
0.355165,0.512649
0.415394,0.512649
0.475624,0.512649
0.535854,0.512649
0.596083,0.512649
0.656313,0.512649
0.716542,0.512649
0.776772,0.512649
0.852761,0.522302
-0.823322,0.567574
-0.802278,0.596951
-0.698852,0.564810
-0.638623,0.564810
-0.578393,0.564810
-0.518164,0.564810
-0.457934,0.564810
-0.397704,0.564810
-0.337475,0.564810
-0.277245,0.564810
-0.217016,0.564810
-0.156786,0.564810
-0.096557,0.564810
-0.036327,0.564810
0.023902,0.564810
0.084132,0.564810
0.144361,0.564810
0.204591,0.564810
0.264821,0.564810
0.325050,0.564810
0.385280,0.564810
0.445509,0.564810
0.505739,0.564810
0.565968,0.564810
0.626198,0.564810
0.686427,0.564810
0.746657,0.564810
0.819237,0.573455
-0.763308,0.646035
-0.668737,0.616970
-0.608508,0.616970
-0.548278,0.616970
-0.488049,0.616970
-0.427819,0.616970
-0.367590,0.616970
-0.307360,0.616970
-0.247131,0.616970
-0.186901,0.616970
-0.126672,0.616970
-0.066442,0.616970
-0.006212,0.616970
0.054017,0.616970
0.114247,0.616970
0.174476,0.616970
0.234706,0.616970
0.294935,0.616970
0.355165,0.616970
0.415394,0.616970
0.475624,0.616970
0.535854,0.616970
0.596083,0.616970
0.656313,0.616970
0.757796,0.652491
0.783051,0.621957
-0.722300,0.691580
-0.638623,0.669130
-0.578393,0.669130
-0.518164,0.669130
-0.457934,0.669130
-0.397704,0.669130
-0.337475,0.669130
-0.277245,0.669130
-0.217016,0.669130
-0.156786,0.669130
-0.096557,0.669130
-0.036327,0.669130
0.023902,0.669130
0.084132,0.669130
0.144361,0.669130
0.204591,0.669130
0.264821,0.669130
0.325050,0.669130
0.385280,0.669130
0.445509,0.669130
0.505739,0.669130
0.565968,0.669130
0.626198,0.669130
0.716071,0.698027
-0.679887,0.733317
-0.644821,0.764334
-0.548278,0.721291
-0.488049,0.721291
-0.427819,0.721291
-0.367590,0.721291
-0.307360,0.721291
-0.247131,0.721291
-0.186901,0.721291
-0.126672,0.721291
-0.066442,0.721291
-0.006212,0.721291
0.054017,0.721291
0.114247,0.721291
0.174476,0.721291
0.234706,0.721291
0.294935,0.721291
0.355165,0.721291
0.415394,0.721291
0.475624,0.721291
0.535854,0.721291
0.596083,0.721291
0.673006,0.739637
-0.598876,0.800842
-0.518164,0.773451
-0.457934,0.773451
-0.397704,0.773451
-0.337475,0.773451
-0.277245,0.773451
-0.217016,0.773451
-0.156786,0.773451
-0.096557,0.773451
-0.036327,0.773451
0.023902,0.773451
0.084132,0.773451
0.144361,0.773451
0.204591,0.773451
0.264821,0.773451
0.325050,0.773451
0.385280,0.773451
0.445509,0.773451
0.505739,0.773451
0.590529,0.807016
0.629241,0.777210
-0.553212,0.833040
-0.508874,0.860841
-0.427819,0.825611
-0.367590,0.825611
-0.307360,0.825611
-0.247131,0.825611
-0.186901,0.825611
-0.126672,0.825611
-0.066442,0.825611
-0.006212,0.825611
0.054017,0.825611
0.114247,0.825611
0.174476,0.825611
0.234706,0.825611
0.294935,0.825611
0.355165,0.825611
0.415394,0.825611
0.499179,0.866499
0.544421,0.838812
-0.462539,0.886599
-0.412700,0.910867
-0.358859,0.933392
-0.277245,0.877772
-0.217016,0.877772
-0.156786,0.877772
-0.096557,0.877772
-0.036327,0.877772
0.023902,0.877772
0.084132,0.877772
0.144361,0.877772
0.204591,0.877772
0.264821,0.877772
0.325050,0.877772
0.401917,0.915676
0.452588,0.891720
-0.367609,0.929980
-0.313822,0.949482
-0.256837,0.966455
-0.197043,0.980395
-0.126672,0.929932
-0.066442,0.929932
-0.006212,0.929932
0.054017,0.929932
0.114247,0.929932
0.184405,0.982850
0.244716,0.969595
0.302317,0.953207
0.356789,0.934185
-0.157649,0.987495
-0.097846,0.995202
-0.036964,0.999317
0.024331,0.999704
0.085353,0.996351
0.145431,0.989368
