1468,1511,1467
1469,1426,1427
1556,1514,1557
1472,1514,1471
1605,1563,1564
1982,1983,1992
1672,1673,1712
1752,1751,1714
1976,1975,1955
512,470,513
556,512,513
556,555,512
511,554,553
425,383,384
426,468,425
554,597,553
598,597,554
50,73,72
1717,1679,1680
1641,1600,1601
1753,1754,1788
1471,1470,1427
1470,1469,1427
1561,1519,1562
1524,1523,1481
1435,1436,1479
1470,1513,1512
1513,1470,1471
1514,1513,1471
1513,1514,1556
1555,1556,1597
1513,1555,1512
1555,1513,1556
1597,1598,1638
1556,1598,1597
1598,1556,1557
1599,1598,1557
1599,1558,1600
1558,1599,1557
1158,1157,1111
1345,1344,1299
1757,1792,1791
1854,1855,1883
1823,1854,1853
1792,1758,1793
1758,1792,1757
1606,1605,1564
1795,1796,1828
1939,1938,1914
1939,1959,1938
1960,1939,1940
1939,1960,1959
1917,1942,1941
1963,1979,1978
1979,1963,1964
1963,1943,1964
1943,1963,1942
1751,1713,1714
1673,1713,1712
1752,1787,1751
1670,1671,1710
1635,1675,1634
1671,1631,1672
1198,1199,1245
1199,1198,1152
1244,1198,1245
1244,1197,1198
1934,1958,1933
1907,1934,1933
1934,1907,1908
1867,1896,1895
1896,1867,1868
1975,1954,1955
1954,1975,1974
986,1032,985
1035,1034,988
1034,1035,1081
1442,1443,1486
810,857,856
1574,1615,1573
1614,1572,1573
1615,1614,1573
1614,1615,1655
1695,1694,1655
1733,1695,1696
1657,1697,1696
269,233,270
438,437,395
394,437,436
437,394,395
473,472,431
470,471,513
471,470,428
515,473,516
473,515,472
388,389,431
389,388,347
473,474,516
600,556,601
556,600,555
600,599,555
968,1014,967
1014,968,1015
1061,1107,1060
1107,1061,1108
1014,1061,1060
1061,1014,1015
1157,1110,1111
921,968,967
968,921,922
435,476,434
168,202,167
166,134,167
134,133,103
133,134,166
353,394,352
394,353,395
48,28,29
7,22,6
22,42,41
5,20,4
991,1037,990
268,305,304
461,460,418
461,419,462
419,461,418
676,630,631
630,676,675
383,344,384
385,425,384
385,426,425
468,427,469
427,468,426
421,422,464
342,382,381
468,467,425
552,510,553
510,511,553
511,510,469
510,468,469
597,642,641
642,597,598
643,642,598
1059,1012,1013
1012,1059,1058
1059,1105,1058
228,193,194
163,162,132
74,75,100
51,73,50
51,74,73
297,335,296
99,74,100
74,99,73
226,191,192
191,159,192
1641,1681,1680
1718,1754,1753
1718,1717,1680
1718,1753,1717
1681,1718,1680
1155,1108,1109
1107,1154,1153
1154,1107,1108
1154,1155,1201
1155,1154,1108
1154,1200,1153
1200,1154,1201
1246,1201,1247
1246,1200,1201
1118,1165,1164
1253,1207,1208
1160,1207,1206
1520,1563,1562
1519,1520,1562
1644,1645,1684
1567,1524,1525
1346,1301,1347
1254,1253,1208
1253,1254,1299
1348,1303,1349
1393,1437,1436
1393,1348,1349
1391,1346,1347
1292,1246,1247
1246,1292,1291
1293,1292,1247
1292,1293,1338
1560,1602,1601
1602,1560,1561
1472,1515,1514
1514,1515,1557
1515,1558,1557
1112,1158,1111
1344,1389,1388
1345,1389,1344
1249,1204,1250
1157,1204,1203
1204,1157,1158
1204,1249,1203
1205,1204,1158
1204,1205,1250
1825,1792,1793
1756,1721,1757
1756,1757,1791
1827,1795,1828
1822,1823,1853
1688,1689,1726
1689,1688,1649
1645,1685,1684
1827,1794,1795
1688,1648,1649
1991,1982,1992
1980,1979,1964
1921,1894,1895
1965,1980,1964
1980,1965,1990
1938,1913,1914
1961,1940,1941
1961,1960,1940
1892,1893,1919
1943,1918,1919
1918,1943,1942
1918,1892,1919
1917,1918,1942
1786,1787,1821
1787,1786,1751
1675,1715,1714
1716,1715,1675
1715,1752,1714
1820,1852,1819
1820,1786,1821
1786,1820,1785
1785,1820,1819
1852,1851,1819
1851,1852,1882
1421,1464,1420
1507,1464,1508
1550,1507,1508
1676,1635,1677
1676,1716,1675
1635,1676,1675
1635,1593,1594
1593,1635,1634
1549,1507,1550
1675,1674,1634
1713,1674,1714
1674,1675,1714
1674,1713,1673
1633,1674,1673
1674,1633,1634
1287,1288,1333
1425,1380,1381
1288,1243,1289
1197,1243,1196
1244,1243,1197
1243,1244,1289
1907,1879,1908
1956,1976,1955
1906,1907,1933
1932,1906,1933
1958,1957,1933
1957,1932,1933
1957,1956,1932
1935,1908,1909
1935,1934,1908
1867,1837,1868
1894,1866,1895
1866,1867,1895
1897,1896,1868
1931,1956,1955
1956,1931,1932
1989,1973,1974
1973,1989,1988
1983,1993,1992
1984,1993,1983
1993,1984,1994
1950,1971,1970
1971,1950,1951
989,1035,988
987,941,988
1034,987,988
892,891,845
1128,1127,1081
1127,1128,1174
1534,1533,1491
1443,1487,1486
1665,1704,1664
1664,1704,1703
1665,1624,1625
1624,1665,1664
1624,1583,1625
1583,1624,1582
1540,1583,1582
1001,1000,954
1000,953,954
857,903,856
676,721,675
1615,1656,1655
1656,1695,1655
1695,1656,1696
1656,1657,1696
1732,1694,1695
1694,1732,1731
1733,1732,1695
1735,1697,1698
1738,1737,1700
1737,1773,1772
1773,1737,1738
308,269,270
308,307,269
307,308,347
307,347,306
312,273,274
310,350,349
751,705,706
698,697,652
841,888,887
840,841,887
438,439,480
557,556,513
556,557,601
429,471,428
345,388,387
347,346,306
388,346,347
345,346,388
430,386,387
388,430,387
429,430,471
430,429,386
471,430,472
472,430,431
430,388,431
645,644,599
600,645,599
690,645,691
645,690,644
1108,1062,1109
1062,1061,1015
1061,1062,1108
474,517,516
646,600,601
646,645,600
645,646,691
647,646,601
165,133,166
168,136,169
106,136,105
104,134,103
105,104,76
353,354,395
312,313,352
313,312,274
313,353,352
241,240,205
240,204,205
204,240,239
136,137,169
137,136,106
206,241,205
171,206,205
16,0,1
52,53,78
77,52,78
77,105,76
106,77,78
77,106,105
49,48,29
30,49,29
49,50,72
49,30,50
47,28,48
26,46,45
23,7,8
7,23,22
23,42,22
42,64,41
40,39,20
21,22,41
21,40,20
40,21,41
5,21,20
22,21,6
21,5,6
16,17,36
17,16,1
17,37,36
37,17,18
534,577,533
577,534,578
488,489,531
450,449,407
453,495,494
495,453,454
408,450,407
408,451,450
763,764,810
764,763,718
992,991,945
991,944,945
944,991,990
993,946,947
946,992,945
992,946,993
903,902,856
902,903,949
664,618,619
618,664,663
232,231,197
342,303,304
677,676,631
460,417,418
420,419,378
419,420,462
543,586,542
630,586,631
380,422,421
422,380,381
423,422,381
382,423,381
382,343,383
343,342,304
343,382,342
305,343,304
344,343,305
343,344,383
509,467,468
509,510,552
510,509,468
549,507,550
779,734,780
734,779,733
689,688,643
688,642,643
688,734,733
734,688,689
596,597,641
597,596,553
596,552,553
596,595,552
638,683,637
683,638,684
685,730,684
730,685,731
1011,1012,1058
1198,1151,1152
1151,1105,1152
1197,1151,1198
1105,1106,1152
1106,1105,1059
227,226,192
227,193,228
193,227,192
162,131,132
131,130,102
193,161,194
161,162,194
131,161,130
161,131,162
71,49,72
49,71,48
75,101,100
130,101,102
129,101,130
101,129,100
419,377,378
377,419,418
128,129,159
129,128,100
128,99,100
225,191,226
215,216,251
1598,1639,1638
1639,1598,1599
1602,1642,1601
1642,1641,1601
1642,1681,1641
1681,1642,1682
1156,1157,1203
1110,1156,1109
1156,1110,1157
1156,1155,1109
1352,1351,1306
1307,1352,1306
1307,1261,1262
1261,1307,1306
1117,1118,1164
1117,1071,1118
1071,1117,1070
1115,1161,1114
1161,1160,1114
1207,1161,1208
1161,1207,1160
1162,1161,1115
1161,1162,1208
1032,1031,985
937,983,936
1123,1122,1076
1478,1435,1479
1721,1683,1684
1683,1644,1684
1605,1604,1563
1563,1604,1562
1645,1604,1605
1644,1604,1645
1437,1438,1481
1566,1523,1524
1567,1566,1524
1436,1480,1479
1480,1437,1481
1523,1480,1481
1437,1480,1436
1522,1480,1523
1480,1522,1479
1300,1301,1346
1300,1345,1299
1345,1300,1346
1301,1300,1255
1254,1300,1299
1300,1254,1255
1302,1348,1347
1301,1302,1347
1302,1303,1348
1303,1302,1257
1351,1305,1306
1392,1393,1436
1348,1392,1347
1435,1392,1436
1393,1392,1348
1391,1392,1435
1392,1391,1347
1340,1339,1294
1339,1293,1294
1293,1339,1338
1295,1249,1250
1249,1295,1294
1340,1295,1341
1295,1340,1294
1386,1385,1341
1385,1340,1341
1251,1205,1206
1205,1251,1250
1343,1344,1388
1343,1388,1387
1248,1249,1294
1249,1248,1203
1293,1248,1294
1248,1293,1247
1292,1337,1291
1337,1292,1338
1382,1337,1338
1068,1115,1114
1159,1160,1206
1159,1205,1158
1205,1159,1206
1112,1159,1158
690,736,735
736,690,691
1390,1345,1346
1391,1390,1346
1390,1389,1345
1389,1390,1433
1825,1856,1855
1824,1823,1791
1792,1824,1791
1825,1824,1792
1824,1825,1855
1854,1824,1855
1823,1824,1854
1823,1790,1791
1790,1756,1791
1822,1790,1823
1719,1681,1682
1719,1718,1681
1718,1719,1754
1789,1790,1822
1754,1789,1788
1721,1722,1757
1722,1721,1684
1722,1758,1757
1685,1722,1684
1646,1645,1605
1606,1646,1605
1646,1685,1645
1685,1646,1686
1723,1685,1686
1723,1722,1685
1722,1723,1758
1991,1981,1982
1965,1981,1990
1923,1924,1948
1897,1923,1896
1923,1897,1924
1966,1965,1945
1981,1966,1982
1966,1981,1965
1944,1943,1919
1943,1944,1964
1965,1944,1945
1944,1965,1964
1833,1801,1834
1827,1858,1857
1858,1827,1828
1890,1861,1862
1962,1961,1941
1962,1963,1978
1942,1962,1941
1963,1962,1942
1939,1915,1940
1915,1939,1914
1888,1915,1914
1711,1671,1672
1711,1672,1712
1671,1711,1710
1749,1711,1712
1750,1749,1712
1713,1750,1712
1750,1713,1751
1749,1750,1785
1750,1786,1785
1786,1750,1751
1851,1881,1850
1881,1851,1882
1510,1509,1466
1510,1466,1467
1511,1510,1467
1554,1510,1511
1466,1465,1422
1464,1465,1508
1465,1509,1508
1509,1465,1466
1421,1465,1464
1465,1421,1422
1464,1463,1420
1507,1463,1464
1509,1551,1508
1551,1550,1508
1551,1593,1550
1593,1551,1594
1595,1637,1594
1637,1636,1594
1635,1636,1677
1636,1635,1594
1553,1510,1554
1633,1592,1634
1593,1592,1550
1592,1593,1634
1592,1549,1550
1670,1630,1671
1630,1670,1629
1630,1631,1671
1632,1633,1673
1632,1673,1672
1631,1632,1672
1590,1632,1631
1244,1290,1289
1290,1244,1245
1424,1468,1467
1424,1425,1468
1424,1380,1425
1335,1336,1381
1380,1335,1381
1290,1335,1289
1335,1290,1336
1145,1192,1191
1287,1242,1288
1242,1243,1288
1243,1242,1196
1817,1850,1849
1784,1749,1785
1784,1785,1819
1878,1879,1907
1906,1878,1907
1805,1837,1804
1805,1804,1770
1893,1865,1894
1865,1866,1894
1924,1898,1925
1897,1898,1924
1905,1906,1932
1931,1905,1932
1903,1930,1929
1954,1930,1955
1930,1954,1929
1930,1931,1955
1953,1954,1974
1973,1953,1974
1954,1953,1929
1924,1949,1948
1949,1924,1925
1949,1950,1970
1950,1949,1925
1985,1970,1995
1984,1985,1994
1972,1971,1951
1972,1973,1988
1987,1972,1988
1972,1987,1971
1173,1127,1174
1080,1034,1081
1127,1080,1081
989,943,990
944,943,897
943,944,990
1037,1036,990
989,1036,1035
1036,989,990
755,801,754
801,755,802
800,801,847
801,800,754
939,986,985
846,800,847
846,892,845
1174,1175,1221
1128,1175,1174
1131,1084,1085
1084,1131,1130
1312,1313,1358
1313,1312,1267
1271,1270,1225
1090,1137,1136
1137,1090,1091
1088,1135,1134
1441,1485,1484
1485,1442,1486
1485,1441,1442
1217,1263,1262
1263,1217,1218
1356,1355,1310
1533,1490,1491
1451,1494,1450
1493,1494,1536
1494,1493,1450
1487,1529,1486
1572,1530,1573
1530,1529,1487
1529,1530,1572
1741,1740,1703
1704,1741,1703
1670,1669,1629
1666,1665,1625
1048,1001,1002
951,998,997
1137,1183,1136
719,764,718
811,858,857
810,811,857
858,811,812
764,811,810
1616,1574,1575
1617,1616,1575
1574,1616,1615
1657,1616,1617
1656,1616,1657
1616,1656,1615
1614,1613,1572
1693,1694,1731
1902,1903,1929
1497,1539,1496
1539,1540,1582
1539,1497,1540
1623,1624,1664
1624,1623,1582
1622,1662,1621
1658,1657,1617
1658,1697,1657
1697,1658,1698
1804,1769,1770
1803,1769,1804
1836,1837,1867
1837,1836,1804
1866,1836,1867
1836,1803,1804
1736,1735,1698
1736,1737,1772
1773,1807,1772
309,310,349
309,308,270
233,234,270
198,234,233
202,201,167
201,166,167
392,435,434
273,311,272
311,310,272
311,273,312
311,350,310
753,708,754
708,753,707
800,753,754
659,705,704
658,659,704
749,703,704
703,658,704
747,793,746
701,656,702
700,701,746
747,701,702
701,747,746
278,279,317
439,481,480
481,439,440
523,481,524
481,523,480
661,707,706
488,487,446
514,471,472
471,514,513
515,514,472
514,557,513
603,604,649
650,604,605
604,650,649
389,432,431
432,473,431
474,432,433
432,474,473
390,432,389
432,390,433
604,560,605
517,560,516
475,474,433
475,433,434
475,476,518
476,475,434
475,517,474
517,475,518
740,741,787
168,203,202
203,168,169
204,203,169
203,204,239
238,203,239
203,238,202
134,135,167
135,168,167
135,136,168
136,135,105
135,104,105
104,135,134
439,397,440
240,276,239
170,171,205
170,204,169
204,170,205
137,170,169
33,13,14
32,33,55
13,33,32
34,33,14
54,32,55
54,31,32
54,53,31
107,137,106
107,106,78
172,171,139
206,172,207
172,206,171
140,172,139
108,109,139
109,140,139
87,86,61
25,26,45
25,9,10
26,25,10
11,26,10
28,27,12
47,27,28
27,11,12
11,27,26
27,47,46
26,27,46
181,216,215
216,181,182
65,64,42
63,40,41
64,63,41
39,19,20
3,19,18
20,19,4
19,3,4
2,17,1
17,2,18
2,3,18
60,86,85
86,60,61
576,577,621
577,576,533
451,492,450
578,579,623
622,578,623
577,622,621
622,577,578
668,622,623
490,489,448
449,490,448
405,363,364
449,406,407
406,365,407
365,406,364
406,449,448
405,406,448
406,405,364
447,488,446
489,447,448
447,489,488
447,405,448
453,452,410
452,453,494
537,536,494
495,537,494
454,412,455
412,413,455
413,456,455
715,670,716
629,630,675
629,628,584
672,626,627
805,851,804
851,898,897
898,944,897
944,898,945
948,902,949
709,755,754
708,709,754
709,708,663
664,709,663
303,267,304
232,267,231
267,268,304
267,232,268
340,301,302
301,339,300
339,301,340
229,228,194
230,196,231
231,196,197
722,721,676
721,722,767
677,722,676
955,1001,954
1001,955,1002
543,500,501
500,543,542
505,463,464
463,421,464
420,463,462
463,420,421
303,341,302
341,342,381
341,340,302
341,303,342
341,380,340
380,341,381
339,379,378
379,420,378
379,339,340
420,379,421
379,380,421
380,379,340
507,465,466
422,465,464
423,465,422
465,423,466
467,424,425
424,383,425
424,382,383
424,467,466
424,423,382
423,424,466
467,508,466
508,507,466
507,508,550
509,508,467
779,826,825
826,779,780
1012,966,1013
1011,965,1012
965,966,1012
773,772,727
727,726,681
725,726,771
772,726,727
726,772,771
549,592,548
636,592,637
682,636,637
682,727,681
636,682,681
683,682,637
871,824,825
642,687,641
687,688,733
688,687,642
732,687,733
640,596,641
596,640,595
1057,1011,1058
1011,1057,1010
1150,1197,1196
1150,1151,1197
1150,1149,1103
1149,1150,1196
160,193,192
159,160,192
160,129,130
129,160,159
160,161,193
161,160,130
227,262,226
335,336,375
336,335,297
336,298,337
298,336,297
339,338,300
338,339,378
338,377,337
377,338,378
126,156,125
97,71,72
97,126,125
128,127,99
1640,1639,1599
1639,1640,1678
1641,1640,1600
1640,1641,1680
1640,1599,1600
1679,1640,1680
1678,1640,1679
1352,1396,1351
1396,1352,1397
1214,1213,1167
1116,1162,1115
1117,1116,1070
1162,1209,1208
1209,1254,1208
1254,1209,1255
1209,1210,1255
1165,1211,1164
1211,1212,1257
1212,1211,1165
1211,1210,1164
888,934,887
983,982,936
1077,1030,1031
1077,1123,1076
1030,1077,1076
1168,1214,1167
1563,1521,1564
1522,1521,1479
1520,1521,1563
1521,1522,1564
1478,1521,1520
1521,1478,1479
1642,1643,1682
1643,1642,1602
1683,1643,1644
1643,1683,1682
1350,1305,1351
1482,1524,1481
1524,1482,1525
1482,1483,1525
1483,1482,1439
1482,1438,1439
1438,1482,1481
1565,1522,1523
1565,1606,1564
1606,1565,1607
1522,1565,1564
1566,1565,1523
1565,1566,1607
1608,1648,1607
1648,1608,1649
1608,1566,1567
1566,1608,1607
1260,1261,1306
1305,1260,1306
1339,1383,1338
1383,1382,1338
1426,1383,1427
1382,1383,1426
1429,1385,1386
1207,1252,1206
1252,1207,1253
1251,1252,1297
1252,1251,1206
1296,1295,1250
1295,1296,1341
1251,1296,1250
1296,1251,1297
1202,1156,1203
1155,1202,1201
1201,1202,1247
1156,1202,1155
1248,1202,1203
1202,1248,1247
1477,1478,1520
1477,1520,1519
1476,1477,1519
1477,1476,1433
1388,1431,1387
1558,1559,1600
1600,1559,1601
1559,1560,1601
1559,1517,1560
1518,1476,1519
1518,1519,1561
1560,1518,1561
1517,1518,1560
1020,1067,1066
1067,1020,1021
1068,1067,1021
1067,1068,1114
1020,974,1021
928,974,927
786,740,787
833,786,787
786,832,785
832,833,879
832,786,833
784,738,785
834,833,787
782,736,783
736,782,735
782,781,735
692,647,693
646,692,691
647,692,646
738,692,693
1885,1856,1857
1794,1826,1793
1826,1825,1793
1826,1827,1857
1826,1794,1827
1826,1856,1825
1856,1826,1857
1756,1720,1721
1683,1720,1682
1720,1683,1721
1720,1719,1682
1937,1913,1938
1913,1937,1912
1937,1936,1912
1568,1567,1525
1651,1611,1652
1651,1610,1611
1647,1606,1607
1648,1647,1607
1647,1646,1606
1646,1647,1686
1724,1723,1686
1947,1923,1948
1893,1920,1919
1921,1920,1894
1920,1921,1945
1920,1893,1894
1944,1920,1945
1920,1944,1919
1732,1767,1731
1891,1890,1862
1890,1891,1917
1918,1891,1892
1891,1918,1917
1863,1891,1862
1891,1863,1892
1859,1860,1888
1859,1858,1828
1796,1829,1828
1859,1829,1860
1829,1859,1828
1977,1962,1978
1962,1977,1961
1916,1917,1941
1940,1916,1941
1916,1890,1917
1915,1916,1940
1880,1881,1909
1881,1880,1850
1908,1880,1909
1850,1880,1849
1879,1880,1908
1880,1879,1849
1506,1549,1548
1549,1506,1507
1506,1463,1507
1463,1506,1462
1552,1553,1596
1553,1552,1510
1552,1595,1594
1595,1552,1596
1510,1552,1509
1552,1551,1509
1551,1552,1594
1590,1547,1548
1591,1590,1548
1549,1591,1548
1591,1592,1633
1592,1591,1549
1591,1632,1590
1632,1591,1633
1421,1377,1422
1285,1239,1240
1286,1285,1240
1424,1379,1380
1239,1193,1240
1193,1194,1240
1192,1193,1239
1241,1286,1240
1194,1241,1240
1286,1241,1287
1241,1242,1287
1818,1851,1850
1851,1818,1819
1817,1818,1850
1818,1817,1783
1784,1818,1783
1818,1784,1819
1748,1783,1747
1711,1748,1710
1748,1747,1710
1748,1711,1749
1784,1748,1749
1748,1784,1783
1879,1848,1849
1878,1848,1879
1837,1838,1868
1805,1838,1837
1863,1864,1892
1864,1833,1834
1864,1893,1892
1864,1863,1833
1864,1865,1893
1865,1864,1834
1905,1904,1876
1904,1875,1876
1875,1904,1903
1904,1905,1931
1930,1904,1931
1904,1930,1903
1952,1953,1973
1972,1952,1973
1952,1972,1951
1969,1949,1970
1949,1969,1948
1985,1969,1970
1969,1985,1984
1987,1986,1971
1970,1986,1995
1971,1986,1970
1220,1174,1221
1220,1173,1174
987,1033,986
1032,1033,1079
1033,1032,986
1033,987,1034
1080,1033,1034
1033,1080,1079
1126,1173,1172
1126,1125,1079
1125,1126,1172
1173,1126,1127
1126,1080,1127
1080,1126,1079
895,941,894
1082,1128,1081
1035,1082,1081
1036,1082,1035
892,938,891
938,937,891
939,938,892
938,939,985
940,987,986
941,940,894
987,940,941
939,940,986
992,1038,991
991,1038,1037
1084,1038,1085
1038,1084,1037
1311,1356,1310
1226,1271,1225
1313,1359,1358
1359,1313,1314
1403,1359,1404
1359,1403,1358
1407,1451,1450
1181,1180,1134
1135,1181,1134
1043,996,997
1180,1133,1134
1261,1216,1262
1216,1217,1262
1171,1125,1172
1218,1171,1172
1217,1171,1218
1574,1532,1575
1532,1533,1575
1532,1490,1533
1490,1532,1489
1493,1449,1450
1447,1403,1404
1490,1447,1491
1448,1447,1404
1447,1448,1491
1528,1485,1486
1529,1528,1486
1488,1530,1487
1403,1402,1358
1400,1355,1356
1401,1400,1356
1708,1668,1669
1668,1708,1707
1705,1704,1665
1666,1705,1665
1454,1411,1455
1410,1411,1454
1411,1410,1366
1453,1496,1452
1453,1410,1454
1497,1453,1454
1453,1497,1496
1540,1541,1583
999,1000,1046
1000,999,953
999,1045,998
1045,999,1046
904,903,857
904,858,905
858,904,857
951,904,905
1000,1047,1046
1048,1047,1001
1047,1000,1001
1047,1048,1094
1093,1047,1094
1047,1093,1046
1092,1045,1046
1045,1092,1091
1093,1092,1046
721,720,675
672,673,718
673,672,627
628,673,627
673,719,718
909,908,862
955,908,909
908,955,954
813,814,860
814,813,767
1612,1653,1652
1611,1612,1652
1570,1612,1611
1612,1613,1653
1694,1654,1655
1654,1614,1655
1654,1613,1614
1613,1654,1653
1654,1693,1653
1693,1654,1694
1898,1899,1925
1701,1738,1700
1663,1623,1664
1663,1664,1703
1623,1663,1622
1663,1662,1622
1533,1576,1575
1576,1617,1575
1576,1533,1534
1577,1576,1534
1535,1577,1534
1535,1493,1536
1539,1538,1496
1620,1579,1621
1620,1660,1619
1658,1659,1698
1660,1659,1619
1734,1733,1696
1734,1735,1770
1697,1734,1696
1735,1734,1697
1734,1769,1733
1769,1734,1770
1865,1835,1866
1835,1865,1834
1836,1835,1803
1835,1836,1866
1771,1805,1770
1735,1771,1770
1736,1771,1735
1771,1736,1772
1808,1807,1773
1774,1773,1738
1808,1774,1809
1774,1808,1773
348,390,389
308,348,347
348,389,347
390,348,349
309,348,308
348,309,349
199,198,164
199,234,198
234,199,235
165,199,164
271,309,270
310,271,272
271,235,272
309,271,310
271,234,235
234,271,270
235,236,272
236,273,272
433,391,434
350,391,349
390,391,433
391,390,349
392,391,350
391,392,434
393,394,436
435,393,436
394,393,352
392,393,435
707,752,706
752,751,706
752,798,751
753,752,707
749,796,795
844,798,845
891,844,845
745,700,746
789,790,836
886,932,885
886,840,887
567,523,524
567,612,611
748,749,795
748,747,702
748,703,749
703,748,702
612,657,611
657,656,611
656,657,702
657,612,658
703,657,658
657,703,702
884,838,885
279,318,317
242,206,207
242,278,241
206,242,241
242,279,278
659,660,705
705,660,706
660,661,706
708,662,663
662,708,707
661,662,707
530,488,531
530,487,488
514,558,557
558,514,515
696,651,697
697,651,652
651,606,652
606,651,605
650,651,696
651,650,605
437,478,436
606,607,652
561,606,605
561,517,518
561,560,517
560,561,605
647,648,693
648,603,649
694,648,649
648,694,693
695,650,696
650,695,649
694,695,740
695,694,649
695,741,740
741,695,696
742,696,697
742,741,696
316,278,317
318,357,317
354,396,395
396,438,395
396,439,438
396,397,439
238,275,274
275,238,239
275,313,274
276,275,239
15,0,16
15,34,14
35,16,36
34,35,57
35,58,57
58,35,36
35,15,16
15,35,34
56,34,57
56,81,55
33,56,55
34,56,33
56,82,81
82,56,57
138,108,139
171,138,139
170,138,171
138,170,137
138,107,108
107,138,137
107,79,108
79,107,78
53,79,78
54,79,53
175,176,210
147,116,117
86,114,85
144,114,145
113,114,144
114,113,85
113,84,85
84,113,112
216,252,251
254,291,290
291,254,255
148,147,117
44,25,45
119,90,91
65,90,64
90,65,91
39,62,61
62,39,40
62,87,61
63,62,40
19,38,18
38,39,61
38,37,18
38,19,39
60,38,61
38,60,37
626,625,581
534,535,578
492,535,534
579,535,536
535,579,578
532,575,531
532,576,575
489,532,531
576,532,533
490,532,489
532,490,533
492,491,450
491,534,533
491,449,450
491,492,534
491,490,449
490,491,533
363,362,323
324,363,323
363,324,364
408,409,451
409,452,451
452,409,410
583,628,627
628,583,584
496,495,454
496,454,455
374,335,375
669,668,623
715,669,670
808,854,807
717,672,718
763,717,718
762,717,763
717,762,716
541,585,584
586,585,542
585,541,542
585,586,630
629,585,630
585,629,584
803,757,804
575,620,619
576,620,575
620,576,621
622,667,621
667,668,713
667,622,668
712,667,713
946,900,947
996,995,949
995,948,949
266,303,302
266,230,231
266,267,303
267,266,231
162,195,194
229,195,230
195,229,194
195,162,163
196,195,163
195,196,230
264,301,300
229,264,228
769,723,724
723,722,677
818,817,771
772,818,771
956,955,909
955,956,1002
459,417,460
459,460,501
500,459,501
506,505,464
505,506,548
506,549,548
549,506,507
506,465,507
465,506,464
827,826,780
872,871,825
826,872,825
869,916,915
916,917,963
820,773,774
820,867,866
503,461,462
679,725,724
632,677,631
635,636,681
595,551,552
508,551,550
551,509,552
551,508,509
594,551,595
551,594,550
592,593,637
593,549,550
593,638,637
593,592,549
593,594,638
594,593,550
728,773,727
773,728,774
728,682,683
682,728,727
778,732,733
779,778,733
778,779,825
824,778,825
776,775,730
776,730,731
639,685,684
638,639,684
639,594,595
594,639,638
639,640,685
640,639,595
685,686,731
687,686,641
686,732,731
686,687,732
686,640,641
640,686,685
1151,1104,1105
1104,1057,1058
1105,1104,1058
1057,1104,1103
1150,1104,1151
1104,1150,1103
1144,1145,1191
1144,1098,1145
46,68,45
71,70,48
70,47,48
261,298,297
261,225,226
261,262,298
262,261,226
417,376,418
377,376,337
376,417,375
376,377,418
376,336,337
336,376,375
262,299,298
298,299,337
299,338,337
338,299,300
156,155,125
225,190,191
224,190,225
190,224,189
98,97,72
73,98,72
99,98,73
97,98,126
98,127,126
127,98,99
150,183,182
183,150,151
121,93,122
1441,1440,1397
1440,1483,1439
1440,1441,1484
1483,1440,1484
1396,1440,1439
1440,1396,1397
1260,1259,1214
1259,1213,1214
1259,1260,1305
1166,1212,1165
1166,1213,1212
1213,1166,1167
1069,1023,1070
1068,1069,1115
1069,1116,1115
1116,1069,1070
1210,1163,1164
1116,1163,1162
1163,1117,1164
1163,1116,1117
1209,1163,1210
1163,1209,1162
1256,1301,1255
1210,1256,1255
1302,1256,1257
1256,1302,1301
1211,1256,1210
1256,1211,1257
932,979,978
979,1025,978
1024,977,978
1024,1071,1070
1023,1024,1070
977,1024,1023
1024,1025,1071
1025,1024,978
1028,981,982
981,1028,1027
1025,1072,1071
1071,1072,1118
1078,1032,1079
1125,1078,1079
1078,1031,1032
1078,1077,1031
1604,1603,1562
1603,1561,1562
1603,1602,1561
1603,1604,1644
1643,1603,1644
1603,1643,1602
1393,1394,1437
1394,1393,1349
1394,1438,1437
1350,1394,1349
1384,1339,1340
1385,1384,1340
1384,1383,1339
1383,1384,1427
1343,1298,1344
1344,1298,1299
1298,1253,1299
1298,1343,1297
1252,1298,1297
1298,1252,1253
1343,1342,1297
1386,1342,1387
1342,1386,1341
1342,1343,1387
1342,1296,1297
1296,1342,1341
1390,1434,1433
1434,1391,1435
1478,1434,1435
1434,1390,1391
1477,1434,1478
1434,1477,1433
1432,1389,1433
1389,1432,1388
1476,1432,1433
1432,1431,1388
1430,1386,1387
1430,1429,1386
1431,1430,1387
1160,1113,1114
1113,1112,1066
1159,1113,1160
1113,1159,1112
1067,1113,1066
1113,1067,1114
1022,1068,1021
1022,1069,1068
1069,1022,1023
694,739,693
739,738,693
738,739,785
739,694,740
786,739,740
739,786,785
832,831,785
831,784,785
969,968,922
968,969,1015
881,928,927
829,782,783
737,784,783
737,736,691
736,737,783
784,737,738
737,692,738
692,737,691
1858,1886,1857
1886,1913,1912
1885,1886,1912
1886,1885,1857
1719,1755,1754
1790,1755,1756
1720,1755,1719
1755,1720,1756
1755,1789,1754
1789,1755,1790
1569,1570,1611
1568,1569,1610
1610,1569,1611
1608,1609,1649
1609,1608,1567
1609,1568,1610
1568,1609,1567
1725,1688,1726
1759,1794,1793
1723,1759,1758
1758,1759,1793
1724,1759,1723
1982,1967,1983
1966,1967,1982
1923,1922,1896
1896,1922,1895
1922,1921,1895
1947,1922,1923
1769,1768,1733
1768,1732,1733
1768,1769,1803
1768,1767,1732
1860,1889,1888
1861,1889,1860
1889,1861,1890
1889,1915,1888
1889,1916,1915
1916,1889,1890
1238,1192,1239
1192,1238,1191
1588,1630,1629
1588,1587,1545
1587,1588,1629
1505,1506,1548
1506,1505,1462
1505,1547,1504
1547,1505,1548
1332,1286,1287
1332,1287,1333
1376,1421,1420
1376,1377,1421
1423,1466,1422
1466,1423,1467
1423,1424,1467
1423,1379,1424
1334,1288,1289
1288,1334,1333
1335,1334,1289
1334,1335,1380
1379,1334,1380
1334,1379,1333
1195,1149,1196
1242,1195,1196
1241,1195,1242
1195,1241,1194
1747,1709,1710
1709,1670,1710
1709,1669,1670
1709,1708,1669
1816,1817,1849
1848,1816,1849
1847,1848,1878
1869,1897,1868
1869,1898,1897
1869,1838,1839
1838,1869,1868
1928,1902,1929
1953,1928,1929
1902,1928,1901
1952,1928,1953
1264,1263,1218
803,849,802
942,943,989
941,942,988
942,989,988
895,942,941
1084,1083,1037
1083,1036,1037
1083,1084,1130
1083,1082,1036
984,1030,983
1031,984,985
937,984,983
1030,984,1031
938,984,937
984,938,985
893,939,892
893,847,894
893,846,847
846,893,892
893,940,939
940,893,894
1270,1224,1225
1313,1268,1314
1268,1313,1267
1320,1275,1321
1320,1321,1366
1312,1266,1267
1267,1266,1221
1266,1220,1221
1311,1266,1312
1360,1359,1314
1359,1360,1404
1360,1315,1361
1315,1360,1314
1316,1315,1270
1271,1316,1270
1315,1316,1361
1451,1408,1452
1407,1408,1451
1182,1135,1136
1183,1182,1136
1182,1183,1229
1182,1181,1135
1045,1044,998
998,1044,997
1090,1044,1091
1044,1045,1091
1043,1044,1090
1044,1043,997
1135,1089,1136
1089,1090,1136
1089,1135,1088
1089,1043,1090
1038,1039,1085
1039,992,993
1039,1086,1085
1039,1038,992
1039,1040,1086
1040,1039,993
1226,1179,1180
1179,1226,1225
1179,1133,1180
1040,1087,1086
1087,1088,1134
1087,1133,1086
1133,1087,1134
1215,1260,1214
1168,1215,1214
1260,1215,1261
1215,1216,1261
1216,1170,1217
1170,1171,1217
1353,1352,1307
1352,1353,1397
1406,1407,1450
1449,1406,1450
1530,1531,1573
1531,1574,1573
1532,1531,1489
1531,1532,1574
1488,1531,1530
1531,1488,1489
1357,1401,1356
1357,1312,1358
1311,1357,1356
1357,1311,1312
1357,1402,1401
1402,1357,1358
1446,1490,1489
1447,1446,1403
1446,1447,1490
1446,1402,1403
1399,1354,1355
1442,1399,1443
1400,1399,1355
1399,1400,1443
1444,1488,1487
1444,1487,1443
1444,1400,1401
1400,1444,1443
1321,1367,1366
1367,1411,1366
1587,1544,1545
1544,1502,1545
1498,1497,1454
1498,1454,1455
1497,1498,1540
1498,1541,1540
952,951,905
906,952,905
952,906,953
951,952,998
952,999,998
999,952,953
950,996,949
996,950,997
903,950,949
950,951,997
950,904,951
904,950,903
1048,1095,1094
1095,1141,1094
719,765,764
811,765,812
765,811,764
720,765,719
720,674,675
674,629,675
629,674,628
674,720,719
673,674,719
674,673,628
859,858,812
858,859,905
859,906,905
859,860,906
859,813,860
813,859,812
906,907,953
860,907,906
953,907,954
907,908,954
1613,1571,1572
1528,1571,1570
1571,1529,1572
1571,1528,1529
1612,1571,1613
1571,1612,1570
1950,1926,1951
1926,1950,1925
1926,1899,1900
1899,1926,1925
1702,1701,1662
1740,1702,1703
1663,1702,1662
1702,1663,1703
1448,1492,1491
1492,1534,1491
1492,1449,1493
1449,1492,1448
1535,1492,1493
1492,1535,1534
1495,1494,1451
1495,1451,1452
1496,1495,1452
1538,1495,1496
1623,1581,1582
1581,1623,1622
1581,1539,1582
1581,1538,1539
1579,1578,1536
1577,1578,1619
1578,1535,1536
1535,1578,1577
1620,1578,1579
1578,1620,1619
1662,1661,1621
1660,1661,1700
1661,1701,1700
1701,1661,1662
1620,1661,1660
1661,1620,1621
1618,1658,1617
1618,1577,1619
1576,1618,1617
1618,1576,1577
1618,1659,1658
1659,1618,1619
1699,1736,1698
1699,1660,1700
1737,1699,1700
1736,1699,1737
1699,1659,1660
1659,1699,1698
1838,1806,1839
1806,1807,1839
1807,1806,1772
1806,1838,1805
1771,1806,1805
1806,1771,1772
1873,1902,1901
1870,1899,1898
1869,1870,1898
1870,1869,1839
237,238,274
238,237,202
273,237,274
237,201,202
237,236,201
236,237,273
201,200,166
199,200,235
200,236,235
236,200,201
200,165,166
200,199,165
351,392,350
351,311,312
351,312,352
311,351,350
351,393,392
393,351,352
799,846,845
798,799,845
846,799,800
799,753,800
799,752,753
752,799,798
842,841,795
841,842,888
889,842,843
842,889,888
842,796,843
796,842,795
705,750,704
750,749,704
750,705,751
750,796,749
937,890,891
890,937,936
889,890,936
890,889,843
844,890,843
890,844,891
745,699,700
977,931,978
931,977,930
931,932,978
932,931,885
931,884,885
884,931,930
929,883,930
883,884,930
567,568,612
568,567,524
482,481,440
481,482,524
794,841,840
841,794,795
793,794,840
794,793,747
748,794,747
794,748,795
792,745,746
793,792,746
745,792,791
792,838,791
243,242,207
242,243,279
250,215,251
215,250,214
250,287,286
287,250,251
614,660,659
574,575,619
618,574,619
575,574,531
574,530,531
603,559,604
560,559,516
559,515,516
559,560,604
559,558,515
558,559,603
656,610,611
523,522,480
562,607,606
561,562,606
562,561,518
558,602,557
557,602,601
602,647,601
602,558,603
648,602,603
602,648,647
698,743,697
743,790,789
742,743,789
743,742,697
788,834,787
741,788,787
742,788,741
788,742,789
277,240,241
276,277,315
278,277,241
277,276,240
316,277,278
277,316,315
356,316,317
357,356,317
357,358,399
358,357,318
354,314,315
314,354,353
313,314,353
314,276,315
314,275,276
275,314,313
82,110,81
140,110,141
110,109,81
109,110,140
110,111,141
111,110,82
80,54,55
81,80,55
109,80,81
80,109,108
80,79,54
79,80,108
113,143,112
143,113,144
143,176,175
176,143,144
173,140,141
172,173,207
173,172,140
174,173,141
362,322,323
177,144,145
177,176,144
177,178,212
178,177,145
116,115,87
87,115,86
115,114,86
114,115,145
59,58,36
37,59,36
59,60,85
60,59,37
59,84,58
84,59,85
58,83,57
111,83,112
83,82,57
83,111,82
83,84,112
84,83,58
289,253,290
253,254,290
252,253,289
328,327,289
328,289,290
365,366,407
366,365,326
366,408,407
327,366,326
287,288,326
288,287,251
252,288,251
288,252,289
327,288,289
288,327,326
453,411,454
411,453,410
411,412,454
369,411,410
65,66,91
44,24,25
25,24,9
9,24,8
24,23,8
89,63,64
90,89,64
580,579,536
580,537,581
537,580,536
625,580,581
493,492,451
536,493,494
452,493,451
493,452,494
493,535,492
535,493,536
404,363,405
403,404,446
404,447,446
447,404,405
404,362,363
362,404,403
365,325,326
325,365,364
287,325,286
325,287,326
325,324,286
324,325,364
324,285,286
285,324,323
582,626,581
626,582,627
583,582,539
582,583,627
540,541,584
541,540,498
583,540,584
540,583,539
259,295,258
295,259,296
294,295,333
295,294,258
762,761,716
761,715,716
808,761,762
761,808,807
809,762,763
809,810,856
809,763,810
809,808,762
625,671,670
670,671,716
671,626,672
671,625,626
717,671,672
671,717,716
757,711,712
668,714,713
669,714,668
714,669,715
714,759,713
758,712,713
757,758,804
758,805,804
758,757,712
758,759,805
759,758,713
900,853,854
854,853,807
901,948,947
948,901,902
901,900,854
900,901,947
948,994,947
994,1040,993
994,993,947
995,994,948
265,229,230
265,266,302
301,265,302
266,265,230
265,264,229
264,265,301
768,814,767
722,768,767
723,768,722
768,723,769
725,770,724
770,725,771
770,769,724
817,770,771
816,770,817
770,816,769
816,863,862
863,909,862
863,816,817
912,865,866
827,873,826
873,872,826
966,919,920
965,919,966
919,873,920
873,919,872
869,822,823
822,776,823
776,822,775
824,870,823
870,824,871
870,869,823
869,870,916
870,917,916
917,870,871
963,964,1010
964,1011,1010
964,965,1011
917,964,963
546,545,503
545,546,589
680,726,725
726,680,681
679,680,725
680,635,681
729,775,774
729,683,684
730,729,684
775,729,730
729,728,683
728,729,774
732,777,731
777,824,823
778,777,732
777,778,824
777,776,731
776,777,823
867,913,866
913,912,866
913,914,960
914,913,867
1003,956,957
956,1003,1002
1097,1144,1143
1144,1097,1098
222,221,187
254,219,255
123,153,122
94,123,122
93,94,122
123,94,95
68,94,93
96,97,125
97,96,71
70,96,95
96,70,71
263,264,300
263,227,228
263,262,227
264,263,228
263,299,262
299,263,300
188,156,189
188,222,187
188,155,156
155,188,187
127,157,126
156,157,189
157,156,126
157,190,189
148,149,181
181,149,182
150,149,119
149,150,182
120,150,119
120,119,91
150,120,151
120,121,151
1212,1258,1257
1213,1258,1212
1258,1303,1257
1259,1258,1213
1166,1120,1167
933,886,887
934,933,887
886,933,932
933,979,932
935,934,888
982,935,936
935,889,936
889,935,888
981,935,982
935,981,934
1030,1029,983
1029,1030,1076
1029,982,983
1029,1028,982
1073,1026,1027
979,1026,1025
1072,1026,1073
1026,1072,1025
1438,1395,1439
1395,1396,1439
1396,1395,1351
1395,1350,1351
1395,1394,1350
1394,1395,1438
1428,1429,1472
1428,1471,1427
1428,1472,1471
1429,1428,1385
1428,1384,1385
1384,1428,1427
1518,1475,1476
1475,1518,1517
1432,1475,1431
1475,1432,1476
1515,1516,1558
1559,1516,1517
1516,1559,1558
977,976,930
976,977,1023
976,929,930
1022,976,1023
878,832,879
831,878,877
878,831,832
878,924,877
1110,1064,1111
1019,1020,1066
877,923,876
924,923,877
876,923,922
923,969,922
833,880,879
926,880,927
834,880,833
880,926,879
881,880,834
880,881,927
829,828,782
782,828,781
784,830,783
830,831,877
830,877,876
831,830,784
830,829,783
829,830,876
1936,1911,1912
1911,1885,1912
1855,1884,1883
1884,1910,1883
1856,1884,1855
1885,1884,1856
1911,1884,1885
1884,1911,1910
1887,1888,1914
1887,1859,1888
1913,1887,1914
1859,1887,1858
1887,1886,1858
1886,1887,1913
1526,1483,1484
1483,1526,1525
1526,1568,1525
1526,1569,1568
1651,1650,1610
1650,1689,1649
1650,1609,1610
1609,1650,1649
1647,1687,1686
1687,1648,1688
1687,1647,1648
1687,1724,1686
1687,1725,1724
1725,1687,1688
1761,1796,1795
1761,1725,1726
1969,1968,1948
1968,1984,1983
1968,1947,1948
1968,1969,1984
1968,1967,1947
1967,1968,1983
1921,1946,1945
1967,1946,1947
1946,1966,1945
1946,1967,1966
1946,1922,1947
1922,1946,1921
1767,1802,1801
1802,1835,1834
1801,1802,1834
1835,1802,1803
1768,1802,1767
1802,1768,1803
1689,1727,1726
1861,1831,1862
1691,1651,1652
1797,1829,1796
1284,1285,1330
1285,1284,1239
1238,1284,1283
1284,1238,1239
1144,1190,1143
1190,1144,1191
1630,1589,1631
1589,1590,1631
1589,1547,1590
1588,1589,1630
1503,1502,1459
1502,1503,1545
1503,1460,1504
1460,1503,1459
1505,1461,1462
1461,1505,1504
1461,1460,1417
1460,1461,1504
1419,1463,1462
1463,1419,1420
1326,1325,1280
1325,1326,1371
1332,1331,1286
1331,1285,1286
1285,1331,1330
1331,1332,1377
1376,1331,1377
1331,1376,1330
1379,1378,1333
1332,1378,1377
1377,1378,1422
1378,1332,1333
1423,1378,1379
1378,1423,1422
1817,1782,1783
1783,1782,1747
1816,1782,1817
1877,1878,1906
1877,1905,1876
1905,1877,1906
1877,1847,1878
1173,1219,1172
1219,1218,1172
1220,1219,1173
1219,1264,1218
1354,1309,1355
1355,1309,1310
1264,1309,1263
1309,1264,1310
848,801,802
847,848,894
801,848,847
848,895,894
848,849,895
849,848,802
850,851,897
851,850,804
850,803,804
850,849,803
1129,1083,1130
1082,1129,1128
1129,1175,1128
1083,1129,1082
1129,1176,1175
1176,1129,1130
1176,1177,1223
1131,1177,1130
1177,1176,1130
1177,1224,1223
1222,1267,1221
1176,1222,1175
1175,1222,1221
1222,1176,1223
1268,1222,1223
1222,1268,1267
1269,1224,1270
1269,1315,1314
1315,1269,1270
1224,1269,1223
1268,1269,1314
1269,1268,1223
1227,1226,1180
1181,1227,1180
1043,1042,996
1042,995,996
1089,1042,1043
1042,1089,1088
1086,1132,1085
1133,1132,1086
1132,1131,1085
1179,1132,1133
1169,1215,1168
1169,1122,1123
1169,1168,1122
1215,1169,1216
1169,1170,1216
1170,1169,1123
1124,1078,1125
1077,1124,1123
1171,1124,1125
1078,1124,1077
1170,1124,1171
1124,1170,1123
1316,1362,1361
1406,1362,1407
1362,1406,1361
1405,1448,1404
1405,1449,1448
1360,1405,1404
1405,1360,1361
1405,1406,1449
1406,1405,1361
1398,1441,1397
1398,1353,1354
1441,1398,1442
1353,1398,1397
1399,1398,1354
1398,1399,1442
1488,1445,1489
1445,1446,1489
1402,1445,1401
1446,1445,1402
1444,1445,1488
1445,1444,1401
1846,1877,1876
1877,1846,1847
1741,1776,1740
1667,1668,1707
1628,1587,1629
1669,1628,1629
1668,1628,1669
1541,1584,1583
1583,1584,1625
1742,1741,1704
1705,1742,1704
1743,1742,1705
1742,1743,1778
1500,1499,1456
1456,1499,1455
1498,1499,1541
1499,1498,1455
1141,1142,1188
1095,1142,1141
1183,1230,1229
1230,1275,1229
1322,1367,1321
766,813,812
766,720,721
766,721,767
813,766,767
766,765,720
765,766,812
908,861,862
814,861,860
907,861,908
861,907,860
1928,1927,1901
1927,1952,1951
1927,1900,1901
1927,1928,1952
1927,1926,1900
1926,1927,1951
1739,1774,1738
1701,1739,1738
1702,1739,1701
1739,1702,1740
1537,1579,1536
1494,1537,1536
1537,1495,1538
1495,1537,1494
1874,1875,1903
1875,1874,1844
1902,1874,1903
1873,1874,1902
1899,1871,1900
1870,1871,1899
796,797,843
797,844,843
798,797,751
844,797,798
750,797,796
797,750,751
699,654,700
882,929,928
881,882,928
882,883,929
883,882,836
837,790,791
838,837,791
790,837,836
837,838,884
883,837,884
837,883,836
441,482,440
839,793,840
886,839,840
839,886,885
838,839,885
792,839,838
839,792,793
209,174,175
209,175,210
445,403,446
486,445,487
487,445,446
445,486,444
402,445,444
445,402,403
660,615,661
614,615,660
612,613,658
568,613,612
613,659,658
613,568,569
614,613,569
613,614,659
662,617,663
617,618,663
529,486,487
486,529,528
530,529,487
529,572,528
477,476,435
477,435,436
478,477,436
520,477,478
567,566,523
566,567,611
610,566,611
566,610,565
522,566,565
566,522,523
438,479,437
479,438,480
479,478,437
522,479,480
563,520,564
562,563,607
744,745,791
699,744,698
790,744,791
744,699,745
743,744,790
744,743,698
355,354,315
316,355,315
355,396,354
396,355,397
356,355,316
355,356,397
142,174,141
111,142,141
142,111,112
174,142,175
142,143,175
143,142,112
180,215,214
148,180,147
180,181,215
180,148,181
180,179,147
179,180,214
213,248,212
178,213,212
179,213,178
213,179,214
146,178,145
179,146,147
146,116,147
146,179,178
146,115,116
115,146,145
217,252,216
217,216,182
183,217,182
217,253,252
369,329,330
291,329,290
329,291,330
329,328,290
328,367,327
367,409,408
367,366,327
366,367,408
67,68,93
67,44,45
68,67,45
67,66,44
43,65,42
23,43,42
43,66,65
66,43,44
43,24,44
24,43,23
116,88,117
62,88,87
88,116,87
88,62,63
89,88,63
88,89,117
624,625,670
624,669,623
579,624,623
669,624,670
624,580,625
580,624,579
537,538,581
496,538,495
538,537,495
538,496,539
582,538,539
538,582,581
496,497,539
456,497,455
497,456,498
497,496,455
497,540,539
540,497,498
260,261,297
260,224,225
260,297,296
261,260,225
260,259,224
259,260,296
373,372,333
334,295,296
335,334,296
295,334,333
374,334,335
373,334,374
334,373,333
415,373,374
291,292,330
292,291,255
331,292,293
292,331,330
370,369,330
411,370,412
370,411,369
331,370,330
667,666,621
666,620,621
666,667,712
711,666,712
756,803,802
755,756,802
756,757,803
756,711,757
760,761,807
761,760,715
714,760,759
760,714,715
852,898,851
805,852,851
855,809,856
808,855,854
902,855,856
809,855,808
901,855,902
855,901,854
958,911,912
911,958,957
911,865,912
819,820,866
773,819,772
819,818,772
820,819,773
819,865,818
865,819,866
775,821,774
821,820,774
820,821,867
822,821,775
918,919,965
872,918,871
918,917,871
919,918,872
918,964,917
964,918,965
547,505,548
544,543,501
678,723,677
723,678,724
678,679,724
632,678,677
633,678,632
678,633,679
634,633,589
633,634,679
680,634,635
634,680,679
959,958,912
958,959,1005
913,959,912
959,913,960
1149,1102,1103
962,916,963
916,962,915
1052,1099,1098
1098,1099,1145
1004,958,1005
958,1004,957
1003,1004,1050
1004,1003,957
1049,1095,1048
1049,1048,1002
1003,1049,1002
1049,1003,1050
257,222,258
257,294,293
294,257,258
257,221,222
220,219,185
219,220,255
184,183,151
219,184,185
154,155,187
154,153,123
69,68,46
69,70,95
47,69,46
70,69,47
69,94,68
94,69,95
224,223,189
259,223,224
222,223,258
223,259,258
188,223,222
223,188,189
158,128,159
191,158,159
158,127,128
190,158,191
157,158,190
158,157,127
89,118,117
118,90,119
118,148,117
118,89,90
118,149,148
149,118,119
1304,1350,1349
1303,1304,1349
1350,1304,1305
1304,1259,1305
1304,1258,1259
1258,1304,1303
1074,1073,1027
1074,1120,1073
1028,1074,1027
1119,1166,1165
1119,1165,1118
1119,1072,1073
1072,1119,1118
1119,1120,1166
1120,1119,1073
980,981,1027
980,933,934
981,980,934
933,980,979
980,1026,979
1026,980,1027
1429,1473,1472
1473,1515,1472
1430,1473,1429
1473,1516,1515
929,975,928
974,975,1021
975,974,928
975,1022,1021
975,976,1022
976,975,929
926,925,879
924,925,971
878,925,924
925,878,879
1062,1063,1109
1063,1110,1109
1063,1064,1110
1112,1065,1066
1065,1112,1111
1064,1065,1111
1065,1064,1018
1019,1065,1018
1065,1019,1066
973,926,927
974,973,927
973,974,1020
1019,973,1020
828,875,874
875,828,829
921,875,922
875,921,874
875,876,922
875,829,876
1485,1527,1484
1527,1528,1570
1528,1527,1485
1569,1527,1570
1526,1527,1569
1527,1526,1484
1725,1760,1724
1759,1760,1794
1794,1760,1795
1760,1759,1724
1761,1760,1725
1760,1761,1795
1730,1693,1731
1800,1801,1833
1761,1762,1796
1762,1761,1726
1727,1762,1726
1762,1797,1796
1284,1329,1283
1329,1284,1330
1237,1238,1283
1282,1237,1283
1238,1237,1191
1237,1282,1236
1237,1190,1191
1190,1237,1236
1547,1546,1504
1589,1546,1547
1546,1588,1545
1546,1589,1588
1503,1546,1545
1546,1503,1504
1418,1373,1374
1461,1418,1462
1418,1461,1417
1373,1418,1417
1419,1418,1374
1418,1419,1462
1281,1235,1236
1282,1281,1236
1235,1281,1280
1281,1282,1327
1281,1326,1280
1326,1281,1327
1372,1373,1417
1373,1372,1327
1326,1372,1371
1372,1326,1327
1415,1370,1371
1370,1325,1371
1815,1816,1848
1847,1815,1848
1709,1746,1708
1746,1709,1747
1782,1746,1747
1264,1265,1310
1266,1265,1220
1265,1311,1310
1265,1266,1311
1219,1265,1264
1265,1219,1220
1308,1353,1307
1308,1307,1262
1263,1308,1262
1353,1308,1354
1308,1309,1354
1309,1308,1263
849,896,895
942,896,943
943,896,897
896,942,895
850,896,849
896,850,897
1182,1228,1181
1228,1182,1229
1228,1227,1181
1453,1409,1410
1409,1453,1452
1408,1409,1452
1364,1409,1408
994,1041,1040
1087,1041,1088
1041,1087,1040
1041,994,995
1042,1041,995
1041,1042,1088
1178,1179,1225
1178,1177,1131
1224,1178,1225
1177,1178,1224
1178,1132,1179
1132,1178,1131
1813,1812,1778
1810,1842,1809
1586,1585,1543
1544,1586,1543
1586,1544,1587
1628,1586,1587
1626,1667,1666
1626,1666,1625
1584,1626,1625
1626,1584,1585
1777,1776,1741
1812,1777,1778
1777,1742,1778
1742,1777,1741
1413,1457,1456
1457,1500,1456
1411,1412,1455
1412,1456,1455
1367,1412,1411
1412,1413,1456
1542,1500,1543
1585,1542,1543
1542,1584,1541
1584,1542,1585
1542,1499,1500
1499,1542,1541
1189,1235,1188
1190,1189,1143
1235,1189,1236
1189,1190,1236
1189,1142,1143
1142,1189,1188
1187,1141,1188
1325,1279,1280
1231,1185,1232
1092,1138,1091
1138,1137,1091
815,816,862
815,768,769
816,815,769
768,815,814
815,861,814
861,815,862
1579,1580,1621
1580,1581,1622
1580,1622,1621
1581,1580,1538
1580,1537,1538
1537,1580,1579
1900,1872,1901
1872,1873,1901
1873,1872,1842
1871,1872,1900
1840,1870,1839
1807,1840,1839
1808,1840,1807
1840,1871,1870
701,655,656
655,701,700
655,610,656
654,655,700
653,699,698
653,698,652
607,653,652
653,654,699
835,881,834
835,788,789
835,789,836
788,835,834
835,882,881
882,835,836
356,398,397
398,357,399
397,398,440
398,356,357
441,398,399
398,441,440
173,208,207
208,243,207
208,173,174
209,208,174
361,362,403
402,361,403
322,361,321
361,322,362
360,361,402
361,360,321
572,571,528
573,617,572
573,574,618
574,573,530
617,573,618
529,573,572
573,529,530
521,520,478
521,565,564
520,521,564
521,522,565
521,479,522
479,521,478
519,562,518
476,519,518
477,519,476
519,477,520
519,563,562
563,519,520
248,247,212
250,249,214
249,285,248
249,250,286
285,249,286
213,249,248
249,213,214
368,369,410
368,329,369
409,368,410
329,368,328
368,367,328
367,368,409
66,92,91
92,120,91
121,92,93
120,92,121
67,92,66
92,67,93
332,331,293
332,294,333
294,332,293
372,332,333
456,457,498
417,416,375
459,416,417
416,374,375
416,415,374
665,664,619
620,665,619
665,666,711
666,665,620
899,900,946
899,946,945
898,899,945
899,853,900
899,852,853
852,899,898
853,806,807
806,760,807
759,806,805
760,806,759
806,852,805
852,806,853
956,910,957
910,956,909
863,910,909
910,911,957
868,914,867
868,869,915
914,868,915
868,822,869
868,821,822
821,868,867
504,463,505
463,504,462
504,503,462
504,546,503
504,547,546
547,504,505
591,592,636
592,591,548
635,591,636
591,547,548
502,460,461
460,502,501
503,502,461
545,502,503
544,502,545
502,544,501
587,586,543
586,587,631
587,632,631
544,587,543
1007,1006,960
1006,1052,1005
1006,959,960
959,1006,1005
1056,1057,1103
1057,1056,1010
1056,1102,1055
1102,1056,1103
1195,1148,1149
1148,1195,1194
1148,1102,1149
1052,1051,1005
1051,1097,1050
1051,1052,1098
1097,1051,1098
1004,1051,1050
1051,1004,1005
1142,1096,1143
1096,1097,1143
1097,1096,1050
1096,1142,1095
1049,1096,1095
1096,1049,1050
256,257,293
256,292,255
292,256,293
257,256,221
220,256,255
256,220,221
152,153,185
152,121,122
121,152,151
153,152,122
184,152,185
152,184,151
218,219,254
253,218,254
218,217,183
217,218,253
218,184,219
184,218,183
155,124,125
124,123,95
124,96,125
96,124,95
154,124,155
124,154,123
186,220,185
221,186,187
153,186,185
220,186,221
154,186,153
186,154,187
1168,1121,1122
1121,1168,1167
1120,1121,1167
1074,1121,1120
1474,1430,1431
1474,1475,1517
1475,1474,1431
1516,1474,1517
1473,1474,1516
1474,1473,1430
970,924,971
923,970,969
970,923,924
972,1019,1018
925,972,971
972,1018,971
972,925,926
972,973,1019
973,972,926
1693,1692,1653
1653,1692,1652
1692,1691,1652
1730,1692,1693
1766,1767,1801
1767,1766,1731
1766,1730,1731
1730,1766,1765
1766,1800,1765
1800,1766,1801
1863,1832,1833
1832,1863,1862
1831,1832,1862
1832,1800,1833
1690,1650,1651
1650,1690,1689
1690,1727,1689
1691,1690,1651
1728,1690,1691
1690,1728,1727
1829,1830,1860
1830,1861,1860
1830,1831,1861
1797,1830,1829
1798,1830,1797
1830,1798,1831
1763,1798,1797
1763,1728,1764
1728,1763,1727
1798,1763,1764
1762,1763,1797
1763,1762,1727
1375,1376,1420
1375,1419,1374
1376,1375,1330
1419,1375,1420
1329,1375,1374
1375,1329,1330
1328,1373,1327
1282,1328,1327
1328,1282,1283
1373,1328,1374
1329,1328,1283
1328,1329,1374
1460,1416,1417
1416,1460,1459
1415,1416,1459
1416,1415,1371
1372,1416,1371
1416,1372,1417
1706,1743,1705
1667,1706,1666
1706,1705,1666
1706,1667,1707
1706,1744,1743
1744,1706,1707
1745,1744,1707
1708,1745,1707
1744,1745,1780
1746,1745,1708
1228,1273,1227
1363,1364,1408
1363,1408,1407
1362,1363,1407
1363,1318,1364
1410,1365,1366
1365,1320,1366
1365,1409,1364
1409,1365,1410
1845,1875,1844
1812,1845,1844
1875,1845,1876
1845,1846,1876
1845,1813,1846
1813,1845,1812
1779,1744,1780
1743,1779,1778
1744,1779,1743
1779,1813,1778
1776,1775,1740
1774,1775,1809
1775,1739,1740
1739,1775,1774
1810,1775,1776
1775,1810,1809
1843,1873,1842
1874,1843,1844
1843,1874,1873
1810,1843,1842
1586,1627,1585
1627,1628,1668
1667,1627,1668
1627,1586,1628
1626,1627,1667
1627,1626,1585
1500,1501,1543
1544,1501,1502
1501,1544,1543
1457,1501,1500
1414,1413,1369
1370,1414,1369
1414,1370,1415
1414,1457,1413
1413,1368,1369
1322,1368,1367
1412,1368,1413
1368,1412,1367
1141,1140,1094
1140,1093,1094
1187,1140,1141
1235,1234,1188
1234,1235,1280
1234,1187,1188
1187,1234,1233
1234,1279,1233
1279,1234,1280
1324,1370,1369
1370,1324,1325
1324,1279,1325
1230,1276,1275
1275,1276,1321
1276,1322,1321
1231,1276,1230
1184,1231,1230
1184,1183,1137
1184,1230,1183
1231,1184,1185
1138,1184,1137
1184,1138,1185
1872,1841,1842
1842,1841,1809
1841,1808,1809
1841,1872,1871
1840,1841,1871
1841,1840,1808
565,609,564
610,609,565
609,655,654
655,609,610
401,402,444
401,360,402
360,401,359
443,401,444
615,616,661
616,662,661
616,617,662
617,616,572
571,616,615
616,571,572
211,177,212
176,211,210
177,211,176
211,246,210
211,247,246
247,211,212
284,285,323
322,284,323
285,284,248
284,247,248
358,319,359
319,358,318
208,244,243
244,208,209
371,372,413
370,371,412
412,371,413
371,370,331
371,332,372
332,371,331
372,414,413
414,456,413
414,372,373
415,414,373
457,414,415
414,457,456
499,541,498
541,499,542
499,500,542
457,499,498
710,756,755
709,710,755
710,709,664
756,710,711
710,665,711
665,710,664
865,864,818
818,864,817
864,863,817
911,864,865
910,864,911
864,910,863
547,590,546
590,634,589
546,590,589
634,590,635
591,590,547
590,591,635
633,588,589
588,545,589
588,633,632
588,544,545
588,587,544
587,588,632
1053,1099,1052
1006,1053,1052
1053,1006,1007
1193,1147,1194
1147,1148,1194
1009,962,963
1009,963,1010
1056,1009,1010
1009,1056,1055
1009,1008,962
1008,1009,1055
914,961,960
961,914,915
961,1007,960
962,961,915
961,1008,1007
1008,961,962
1075,1029,1076
1122,1075,1076
1029,1075,1028
1075,1074,1028
1075,1121,1074
1121,1075,1122
969,1016,1015
1016,1062,1015
1016,1063,1062
970,1016,969
1729,1728,1691
1729,1765,1764
1729,1730,1765
1728,1729,1764
1729,1692,1730
1692,1729,1691
1765,1799,1764
1798,1799,1831
1800,1799,1765
1799,1798,1764
1832,1799,1800
1799,1832,1831
1815,1781,1816
1781,1782,1816
1781,1815,1780
1781,1746,1782
1781,1745,1746
1745,1781,1780
1227,1272,1226
1226,1272,1271
1272,1273,1318
1273,1272,1227
1320,1274,1275
1275,1274,1229
1274,1228,1229
1274,1273,1228
1815,1814,1780
1846,1814,1847
1814,1815,1847
1813,1814,1846
1779,1814,1813
1814,1779,1780
1811,1812,1844
1811,1810,1776
1811,1777,1812
1777,1811,1776
1811,1843,1810
1843,1811,1844
1458,1415,1459
1501,1458,1502
1502,1458,1459
1458,1501,1457
1414,1458,1457
1458,1414,1415
1186,1187,1233
1186,1233,1232
1185,1186,1232
1186,1140,1187
1277,1231,1232
1277,1276,1231
1276,1277,1322
608,563,564
608,653,607
563,608,607
653,608,654
608,609,654
609,608,564
400,358,359
358,400,399
400,401,443
401,400,359
441,483,482
571,527,528
283,284,322
247,283,246
283,322,321
284,283,247
283,282,246
282,283,321
320,360,359
360,320,321
320,282,321
282,320,281
320,319,281
319,320,359
319,280,281
280,318,279
243,280,279
280,319,318
280,244,281
244,280,243
246,245,210
282,245,246
245,209,210
245,282,281
245,244,209
244,245,281
458,457,415
458,416,459
458,459,500
416,458,415
458,499,457
499,458,500
1053,1100,1099
1064,1017,1018
1018,1017,971
1063,1017,1064
1017,970,971
1017,1016,970
1016,1017,1063
1317,1363,1362
1317,1316,1271
1317,1362,1316
1363,1317,1318
1317,1272,1318
1272,1317,1271
1273,1319,1318
1318,1319,1364
1365,1319,1320
1319,1365,1364
1274,1319,1273
1319,1274,1320
1139,1138,1092
1139,1092,1093
1138,1139,1185
1140,1139,1093
1186,1139,1140
1139,1186,1185
1323,1368,1322
1368,1323,1369
1323,1324,1369
1277,1323,1322
568,525,569
525,568,524
482,525,524
525,526,569
525,483,526
483,525,482
400,442,399
442,441,399
442,400,443
442,483,441
485,443,444
485,486,528
486,485,444
527,485,528
570,571,615
570,614,569
570,615,614
526,570,569
570,527,571
527,570,526
1146,1193,1192
1146,1192,1145
1099,1146,1145
1146,1147,1193
1146,1100,1147
1100,1146,1099
1054,1008,1055
1008,1054,1007
1054,1053,1007
1054,1100,1053
1233,1278,1232
1279,1278,1233
1324,1278,1279
1278,1277,1232
1278,1323,1277
1323,1278,1324
483,484,526
484,527,526
484,442,443
442,484,483
484,485,527
485,484,443
1148,1101,1102
1102,1101,1055
1147,1101,1148
1100,1101,1147
1054,1101,1100
1101,1054,1055
